[Running] python -u "c:\Users\acer\Desktop\STUDIA\7 sem\Deep neural networks for data analysis\p2\project.py"
C:\Users\acer\AppData\Roaming\Python\Python311\site-packages\transformers\optimization.py:411: FutureWarning: This implementation of AdamW is deprecated and will be removed in a future version. Use the PyTorch implementation torch.optim.AdamW instead, or set `no_deprecation_warning=True` to disable this warning
  warnings.warn(
C:\Python311\Lib\site-packages\sklearn\metrics\_classification.py:1471: UndefinedMetricWarning: Precision and F-score are ill-defined and being set to 0.0 in labels with no predicted samples. Use `zero_division` parameter to control this behavior.
  _warn_prf(average, modifier, msg_start, len(result))
C:\Python311\Lib\site-packages\sklearn\metrics\_classification.py:1471: UndefinedMetricWarning: Precision and F-score are ill-defined and being set to 0.0 in labels with no predicted samples. Use `zero_division` parameter to control this behavior.
  _warn_prf(average, modifier, msg_start, len(result))
C:\Python311\Lib\site-packages\sklearn\metrics\_classification.py:1471: UndefinedMetricWarning: Precision and F-score are ill-defined and being set to 0.0 in labels with no predicted samples. Use `zero_division` parameter to control this behavior.
  _warn_prf(average, modifier, msg_start, len(result))
Epoch 1/4, Accuracy: 0.04119850187265917
              precision    recall  f1-score   support

           1       0.00      0.00      0.00         3
           3       0.00      0.00      0.00         6
           4       0.00      0.00      0.00         1
           5       0.00      0.00      0.00         1
           8       0.00      0.00      0.00         3
           9       0.00      0.00      0.00         1
          13       0.00      0.00      0.00         1
          14       0.00      0.00      0.00         1
          16       0.00      0.00      0.00         1
          17       0.00      0.00      0.00         1
          19       0.00      0.00      0.00         4
          20       0.00      0.00      0.00         1
          21       0.00      0.00      0.00         2
          23       0.00      0.00      0.00         1
          24       0.00      0.00      0.00         1
          27       0.00      0.00      0.00         3
          31       0.00      0.00      0.00         1
          36       0.00      0.00      0.00         4
          40       0.11      0.69      0.19        13
          42       0.02      0.36      0.03        14
          43       0.00      0.00      0.00         1
          44       0.00      0.00      0.00         2
          46       0.00      0.00      0.00         8
          47       0.00      0.00      0.00         2
          49       0.00      0.00      0.00         1
          50       0.00      0.00      0.00         4
          53       0.00      0.00      0.00         1
          54       0.00      0.00      0.00         4
          55       0.00      0.00      0.00        11
          56       0.00      0.00      0.00         1
          59       0.00      0.00      0.00         2
          60       0.00      0.00      0.00         5
          61       0.00      0.00      0.00        10
          64       0.00      0.00      0.00         1
          65       0.00      0.00      0.00         3
          67       0.00      0.00      0.00         1
          68       0.00      0.00      0.00         1
          71       0.00      0.00      0.00         1
          72       0.00      0.00      0.00        13
          73       0.00      0.00      0.00         1
          77       0.00      0.00      0.00         1
          81       0.00      0.00      0.00         4
          83       0.00      0.00      0.00        11
          84       0.00      0.00      0.00         1
          85       0.00      0.00      0.00        14
          87       0.00      0.00      0.00         1
          88       0.00      0.00      0.00         1
          89       0.00      0.00      0.00         2
          90       0.00      0.00      0.00         2
          91       0.00      0.00      0.00         1
          92       0.00      0.00      0.00         3
          93       0.00      0.00      0.00         6
          94       0.00      0.00      0.00         7
          95       0.00      0.00      0.00         2
          97       0.00      0.00      0.00         8
          98       0.00      0.00      0.00         2
          99       0.00      0.00      0.00        10
         100       0.00      0.00      0.00         7
         101       0.00      0.00      0.00         1
         104       0.00      0.00      0.00         3
         105       0.00      0.00      0.00         1
         106       0.00      0.00      0.00         1
         107       0.00      0.00      0.00         1
         108       0.00      0.00      0.00         2
         112       0.00      0.00      0.00         2
         113       0.00      0.00      0.00        14
         114       0.00      0.00      0.00         4
         115       0.00      0.00      0.00         2
         117       0.00      0.00      0.00        20
         118       0.00      0.00      0.00         2
         120       0.00      0.00      0.00         2
         121       0.00      0.00      0.00         4
         122       0.00      0.00      0.00         4
         123       0.00      0.00      0.00         1
         125       0.00      0.00      0.00         2
         126       0.00      0.00      0.00         1
         127       0.00      0.00      0.00         1
         128       0.00      0.00      0.00        14
         129       0.00      0.00      0.00         1
         130       0.00      0.00      0.00         1
         134       0.00      0.00      0.00         3
         138       0.00      0.00      0.00         7
         139       0.00      0.00      0.00         6
         140       0.00      0.00      0.00         2
         141       0.00      0.00      0.00         1
         144       0.00      0.00      0.00         1
         145       0.00      0.00      0.00         2
         146       0.00      0.00      0.00         4
         147       0.00      0.00      0.00         4
         148       0.00      0.00      0.00         4
         151       0.00      0.00      0.00         2
         152       0.00      0.00      0.00         1
         154       0.00      0.00      0.00         2
         158       0.00      0.00      0.00         2
         159       0.00      0.00      0.00         4
         160       0.00      0.00      0.00         2
         161       0.00      0.00      0.00         1
         162       0.00      0.00      0.00         2
         163       0.00      0.00      0.00         3
         164       0.00      0.00      0.00         2
         166       0.00      0.00      0.00         1
         168       0.00      0.00      0.00         1
         170       0.00      0.00      0.00         1
         171       0.00      0.00      0.00         9
         172       0.00      0.00      0.00         1
         174       0.00      0.00      0.00         4
         176       0.00      0.00      0.00         1
         177       0.00      0.00      0.00         1
         179       0.00      0.00      0.00         1
         180       0.00      0.00      0.00         3
         181       0.00      0.00      0.00        23
         182       0.00      0.00      0.00         1
         183       0.00      0.00      0.00         5
         185       0.00      0.00      0.00         1
         186       0.00      0.00      0.00         1
         188       0.00      0.00      0.00         1
         189       0.00      0.00      0.00         1
         191       0.00      0.00      0.00        11
         192       0.00      0.00      0.00         8
         193       0.00      0.00      0.00         1
         196       0.00      0.00      0.00        10
         198       0.00      0.00      0.00         7
         200       0.00      0.00      0.00         1
         201       0.00      0.00      0.00         9
         202       0.00      0.00      0.00         8
         203       0.00      0.00      0.00         5
         204       0.00      0.00      0.00         1
         206       0.00      0.00      0.00         2
         208       0.00      0.00      0.00         1
         209       0.00      0.00      0.00         1
         210       0.00      0.00      0.00         6
         212       0.00      0.00      0.00         6
         214       0.00      0.00      0.00         5
         215       0.00      0.00      0.00         1
         216       0.00      0.00      0.00         3
         217       0.00      0.00      0.00         1
         222       0.00      0.00      0.00         2
         226       0.00      0.00      0.00         7
         227       0.00      0.00      0.00         1
         228       0.00      0.00      0.00         2
         229       0.00      0.00      0.00         4
         230       0.00      0.00      0.00         1
         231       0.00      0.00      0.00         3
         232       0.00      0.00      0.00         3
         234       0.00      0.00      0.00         1
         235       0.00      0.00      0.00         1
         237       0.00      0.00      0.00         1
         238       0.00      0.00      0.00         4
         240       0.00      0.00      0.00         2
         241       0.00      0.00      0.00         7
         243       0.00      0.00      0.00         2
         245       0.00      0.00      0.00         1
         246       0.00      0.00      0.00         1
         247       0.00      0.00      0.00         2
         248       0.00      0.00      0.00         1
         250       0.00      0.00      0.00         2
         251       0.00      0.00      0.00         1
         253       0.00      0.00      0.00         2
         254       0.00      0.00      0.00         1
         255       0.00      0.00      0.00         1
         257       0.00      0.00      0.00         4
         262       0.00      0.00      0.00         5
         263       0.00      0.00      0.00         1
         269       0.00      0.00      0.00         1
         270       0.00      0.00      0.00         1
         271       0.00      0.00      0.00         2
         273       0.00      0.00      0.00         1
         277       0.00      0.00      0.00         5
         279       0.00      0.00      0.00         2
         280       0.00      0.00      0.00         1
         281       0.00      0.00      0.00         6
         284       0.00      0.00      0.00         4
         285       0.00      0.00      0.00         5
         286       0.00      0.00      0.00         5
         287       0.00      0.00      0.00         2
         288       0.00      0.00      0.00         1
         289       0.00      0.00      0.00         1
         290       0.00      0.00      0.00         1
         291       0.00      0.00      0.00         1
         292       0.00      0.00      0.00         4
         293       0.00      0.00      0.00         1
         294       0.00      0.00      0.00         2
         295       0.00      0.00      0.00         3
         296       0.00      0.00      0.00         1
         297       0.00      0.00      0.00         3
         298       0.00      0.00      0.00         4
         299       0.00      0.00      0.00         2
         301       0.00      0.00      0.00         1
         302       0.00      0.00      0.00         2
         303       0.00      0.00      0.00         2
         306       0.00      0.00      0.00         1
         308       0.00      0.00      0.00         4
         309       0.00      0.00      0.00         2
         312       0.00      0.00      0.00         4
         314       0.00      0.00      0.00         3
         315       0.00      0.00      0.00         1
         317       0.00      0.00      0.00         1
         319       0.00      0.00      0.00         4
         320       0.00      0.00      0.00         1
         322       0.01      0.04      0.02        24
         324       0.00      0.00      0.00         1
         325       0.00      0.00      0.00         5
         326       0.00      0.00      0.00         2
         327       0.00      0.00      0.00         2
         334       0.00      0.00      0.00         3
         335       0.00      0.00      0.00        10
         336       0.00      0.00      0.00         3
         337       0.00      0.00      0.00         8
         339       0.00      0.00      0.00         2
         340       0.00      0.00      0.00         1
         342       0.00      0.00      0.00         1
         343       0.00      0.00      0.00         3
         345       0.00      0.00      0.00         1
         346       0.00      0.00      0.00         1
         349       0.00      0.00      0.00         1
         350       0.00      0.00      0.00         5
         352       0.00      0.00      0.00         3
         354       0.00      0.00      0.00         2
         357       0.05      0.67      0.10        27
         359       0.00      0.00      0.00         1
         360       0.00      0.00      0.00         1
         361       0.00      0.00      0.00         3
         362       0.00      0.00      0.00         1
         363       0.00      0.00      0.00         1
         365       0.00      0.00      0.00         2
         366       0.00      0.00      0.00         1
         367       0.00      0.00      0.00         1
         368       0.00      0.00      0.00         2
         369       0.00      0.00      0.00         1
         373       0.00      0.00      0.00         3
         375       0.00      0.00      0.00         1
         379       0.00      0.00      0.00         1
         380       0.00      0.00      0.00        10
         381       0.00      0.00      0.00         1
         382       0.00      0.00      0.00         1
         386       0.00      0.00      0.00         6
         387       0.00      0.00      0.00         2
         388       0.00      0.00      0.00         4
         389       0.00      0.00      0.00         1
         390       0.00      0.00      0.00         1
         391       0.00      0.00      0.00         1
         392       0.00      0.00      0.00         1

    accuracy                           0.04       801
   macro avg       0.00      0.01      0.00       801
weighted avg       0.00      0.04      0.01       801

C:\Python311\Lib\site-packages\sklearn\metrics\_classification.py:1471: UndefinedMetricWarning: Precision and F-score are ill-defined and being set to 0.0 in labels with no predicted samples. Use `zero_division` parameter to control this behavior.
  _warn_prf(average, modifier, msg_start, len(result))
C:\Python311\Lib\site-packages\sklearn\metrics\_classification.py:1471: UndefinedMetricWarning: Precision and F-score are ill-defined and being set to 0.0 in labels with no predicted samples. Use `zero_division` parameter to control this behavior.
  _warn_prf(average, modifier, msg_start, len(result))
C:\Python311\Lib\site-packages\sklearn\metrics\_classification.py:1471: UndefinedMetricWarning: Precision and F-score are ill-defined and being set to 0.0 in labels with no predicted samples. Use `zero_division` parameter to control this behavior.
  _warn_prf(average, modifier, msg_start, len(result))
Epoch 2/4, Accuracy: 0.049937578027465665
              precision    recall  f1-score   support

           1       0.00      0.00      0.00         3
           3       0.00      0.00      0.00         6
           4       0.00      0.00      0.00         1
           5       0.00      0.00      0.00         1
           8       0.00      0.00      0.00         3
           9       0.00      0.00      0.00         1
          13       0.00      0.00      0.00         1
          14       0.00      0.00      0.00         1
          16       0.00      0.00      0.00         1
          17       0.00      0.00      0.00         1
          19       0.00      0.00      0.00         4
          20       0.00      0.00      0.00         1
          21       0.00      0.00      0.00         2
          23       0.00      0.00      0.00         1
          24       0.00      0.00      0.00         1
          27       0.00      0.00      0.00         3
          31       0.00      0.00      0.00         1
          36       0.00      0.00      0.00         4
          40       0.12      0.92      0.21        13
          42       0.00      0.00      0.00        14
          43       0.00      0.00      0.00         1
          44       0.00      0.00      0.00         2
          46       0.00      0.00      0.00         8
          47       0.00      0.00      0.00         2
          49       0.00      0.00      0.00         1
          50       0.00      0.00      0.00         4
          53       0.00      0.00      0.00         1
          54       0.00      0.00      0.00         4
          55       0.00      0.00      0.00        11
          56       0.00      0.00      0.00         1
          59       0.00      0.00      0.00         2
          60       0.00      0.00      0.00         5
          61       0.00      0.00      0.00        10
          64       0.00      0.00      0.00         1
          65       0.00      0.00      0.00         3
          67       0.00      0.00      0.00         1
          68       0.00      0.00      0.00         1
          71       0.00      0.00      0.00         1
          72       0.00      0.00      0.00        13
          73       0.00      0.00      0.00         1
          77       0.00      0.00      0.00         1
          81       0.00      0.00      0.00         4
          83       0.00      0.00      0.00        11
          84       0.00      0.00      0.00         1
          85       0.00      0.00      0.00        14
          87       0.00      0.00      0.00         1
          88       0.00      0.00      0.00         1
          89       0.00      0.00      0.00         2
          90       0.00      0.00      0.00         2
          91       0.00      0.00      0.00         1
          92       0.00      0.00      0.00         3
          93       0.00      0.00      0.00         6
          94       0.00      0.00      0.00         7
          95       0.00      0.00      0.00         2
          97       0.00      0.00      0.00         8
          98       0.00      0.00      0.00         2
          99       0.00      0.00      0.00        10
         100       0.00      0.00      0.00         7
         101       0.00      0.00      0.00         1
         104       0.00      0.00      0.00         3
         105       0.00      0.00      0.00         1
         106       0.00      0.00      0.00         1
         107       0.00      0.00      0.00         1
         108       0.00      0.00      0.00         2
         112       0.00      0.00      0.00         2
         113       0.00      0.00      0.00        14
         114       0.00      0.00      0.00         4
         115       0.00      0.00      0.00         2
         117       0.04      0.10      0.06        20
         118       0.00      0.00      0.00         2
         120       0.00      0.00      0.00         2
         121       0.00      0.00      0.00         4
         122       0.00      0.00      0.00         4
         123       0.00      0.00      0.00         1
         125       0.00      0.00      0.00         2
         126       0.00      0.00      0.00         1
         127       0.00      0.00      0.00         1
         128       0.00      0.00      0.00        14
         129       0.00      0.00      0.00         1
         130       0.00      0.00      0.00         1
         134       0.00      0.00      0.00         3
         138       0.00      0.00      0.00         7
         139       0.00      0.00      0.00         6
         140       0.00      0.00      0.00         2
         141       0.00      0.00      0.00         1
         144       0.00      0.00      0.00         1
         145       0.00      0.00      0.00         2
         146       0.00      0.00      0.00         4
         147       0.00      0.00      0.00         4
         148       0.00      0.00      0.00         4
         151       0.00      0.00      0.00         2
         152       0.00      0.00      0.00         1
         154       0.00      0.00      0.00         2
         158       0.00      0.00      0.00         2
         159       0.00      0.00      0.00         4
         160       0.00      0.00      0.00         2
         161       0.00      0.00      0.00         1
         162       0.00      0.00      0.00         2
         163       0.00      0.00      0.00         3
         164       0.00      0.00      0.00         2
         166       0.00      0.00      0.00         1
         168       0.00      0.00      0.00         1
         170       0.00      0.00      0.00         1
         171       0.00      0.00      0.00         9
         172       0.00      0.00      0.00         1
         174       0.00      0.00      0.00         4
         176       0.00      0.00      0.00         1
         177       0.00      0.00      0.00         1
         179       0.00      0.00      0.00         1
         180       0.00      0.00      0.00         3
         181       0.11      0.09      0.10        23
         182       0.00      0.00      0.00         1
         183       0.00      0.00      0.00         5
         185       0.00      0.00      0.00         1
         186       0.00      0.00      0.00         1
         188       0.00      0.00      0.00         1
         189       0.00      0.00      0.00         1
         191       0.00      0.00      0.00        11
         192       0.00      0.00      0.00         8
         193       0.00      0.00      0.00         1
         196       0.00      0.00      0.00        10
         198       0.00      0.00      0.00         7
         200       0.00      0.00      0.00         1
         201       0.00      0.00      0.00         9
         202       0.00      0.00      0.00         8
         203       0.00      0.00      0.00         5
         204       0.00      0.00      0.00         1
         206       0.00      0.00      0.00         2
         208       0.00      0.00      0.00         1
         209       0.00      0.00      0.00         1
         210       0.00      0.00      0.00         6
         212       0.00      0.00      0.00         6
         214       0.00      0.00      0.00         5
         215       0.00      0.00      0.00         1
         216       0.00      0.00      0.00         3
         217       0.00      0.00      0.00         1
         222       0.00      0.00      0.00         2
         226       0.00      0.00      0.00         7
         227       0.00      0.00      0.00         1
         228       0.00      0.00      0.00         2
         229       0.00      0.00      0.00         4
         230       0.00      0.00      0.00         1
         231       0.00      0.00      0.00         3
         232       0.00      0.00      0.00         3
         234       0.00      0.00      0.00         1
         235       0.00      0.00      0.00         1
         237       0.00      0.00      0.00         1
         238       0.00      0.00      0.00         4
         240       0.00      0.00      0.00         2
         241       0.00      0.00      0.00         7
         243       0.00      0.00      0.00         2
         245       0.00      0.00      0.00         1
         246       0.00      0.00      0.00         1
         247       0.00      0.00      0.00         2
         248       0.00      0.00      0.00         1
         250       0.00      0.00      0.00         2
         251       0.00      0.00      0.00         1
         253       0.00      0.00      0.00         2
         254       0.00      0.00      0.00         1
         255       0.00      0.00      0.00         1
         257       0.00      0.00      0.00         4
         262       0.00      0.00      0.00         5
         263       0.00      0.00      0.00         1
         269       0.00      0.00      0.00         1
         270       0.00      0.00      0.00         1
         271       0.00      0.00      0.00         2
         273       0.00      0.00      0.00         1
         277       0.00      0.00      0.00         5
         279       0.00      0.00      0.00         2
         280       0.00      0.00      0.00         1
         281       0.00      0.00      0.00         6
         284       0.00      0.00      0.00         4
         285       0.00      0.00      0.00         5
         286       0.00      0.00      0.00         5
         287       0.00      0.00      0.00         2
         288       0.00      0.00      0.00         1
         289       0.00      0.00      0.00         1
         290       0.00      0.00      0.00         1
         291       0.00      0.00      0.00         1
         292       0.00      0.00      0.00         4
         293       0.00      0.00      0.00         1
         294       0.00      0.00      0.00         2
         295       0.00      0.00      0.00         3
         296       0.00      0.00      0.00         1
         297       0.00      0.00      0.00         3
         298       0.00      0.00      0.00         4
         299       0.00      0.00      0.00         2
         301       0.00      0.00      0.00         1
         302       0.00      0.00      0.00         2
         303       0.00      0.00      0.00         2
         306       0.00      0.00      0.00         1
         308       0.00      0.00      0.00         4
         309       0.00      0.00      0.00         2
         312       0.00      0.00      0.00         4
         314       0.00      0.00      0.00         3
         315       0.00      0.00      0.00         1
         317       0.00      0.00      0.00         1
         319       0.00      0.00      0.00         4
         320       0.00      0.00      0.00         1
         322       0.02      0.29      0.04        24
         324       0.00      0.00      0.00         1
         325       0.00      0.00      0.00         5
         326       0.00      0.00      0.00         2
         327       0.00      0.00      0.00         2
         334       0.00      0.00      0.00         3
         335       0.00      0.00      0.00        10
         336       0.00      0.00      0.00         3
         337       0.00      0.00      0.00         8
         339       0.00      0.00      0.00         2
         340       0.00      0.00      0.00         1
         342       0.00      0.00      0.00         1
         343       0.00      0.00      0.00         3
         345       0.00      0.00      0.00         1
         346       0.00      0.00      0.00         1
         349       0.00      0.00      0.00         1
         350       0.00      0.00      0.00         5
         352       0.00      0.00      0.00         3
         354       0.00      0.00      0.00         2
         357       0.05      0.63      0.10        27
         359       0.00      0.00      0.00         1
         360       0.00      0.00      0.00         1
         361       0.00      0.00      0.00         3
         362       0.00      0.00      0.00         1
         363       0.00      0.00      0.00         1
         365       0.00      0.00      0.00         2
         366       0.00      0.00      0.00         1
         367       0.00      0.00      0.00         1
         368       0.00      0.00      0.00         2
         369       0.00      0.00      0.00         1
         373       0.00      0.00      0.00         3
         375       0.00      0.00      0.00         1
         379       0.00      0.00      0.00         1
         380       0.00      0.00      0.00        10
         381       0.00      0.00      0.00         1
         382       0.00      0.00      0.00         1
         386       0.00      0.00      0.00         6
         387       0.00      0.00      0.00         2
         388       0.00      0.00      0.00         4
         389       0.00      0.00      0.00         1
         390       0.00      0.00      0.00         1
         391       0.00      0.00      0.00         1
         392       0.00      0.00      0.00         1

    accuracy                           0.05       801
   macro avg       0.00      0.01      0.00       801
weighted avg       0.01      0.05      0.01       801

C:\Python311\Lib\site-packages\sklearn\metrics\_classification.py:1471: UndefinedMetricWarning: Precision and F-score are ill-defined and being set to 0.0 in labels with no predicted samples. Use `zero_division` parameter to control this behavior.
  _warn_prf(average, modifier, msg_start, len(result))
C:\Python311\Lib\site-packages\sklearn\metrics\_classification.py:1471: UndefinedMetricWarning: Precision and F-score are ill-defined and being set to 0.0 in labels with no predicted samples. Use `zero_division` parameter to control this behavior.
  _warn_prf(average, modifier, msg_start, len(result))
C:\Python311\Lib\site-packages\sklearn\metrics\_classification.py:1471: UndefinedMetricWarning: Precision and F-score are ill-defined and being set to 0.0 in labels with no predicted samples. Use `zero_division` parameter to control this behavior.
  _warn_prf(average, modifier, msg_start, len(result))
Epoch 3/4, Accuracy: 0.06491885143570537
              precision    recall  f1-score   support

           1       0.00      0.00      0.00         3
           3       0.00      0.00      0.00         6
           4       0.00      0.00      0.00         1
           5       0.00      0.00      0.00         1
           8       0.00      0.00      0.00         3
           9       0.00      0.00      0.00         1
          13       0.00      0.00      0.00         1
          14       0.00      0.00      0.00         1
          16       0.00      0.00      0.00         1
          17       0.00      0.00      0.00         1
          19       0.00      0.00      0.00         4
          20       0.00      0.00      0.00         1
          21       0.00      0.00      0.00         2
          23       0.00      0.00      0.00         1
          24       0.00      0.00      0.00         1
          27       0.00      0.00      0.00         3
          31       0.00      0.00      0.00         1
          36       0.00      0.00      0.00         4
          40       0.12      0.92      0.22        13
          42       0.00      0.00      0.00        14
          43       0.00      0.00      0.00         1
          44       0.00      0.00      0.00         2
          46       0.00      0.00      0.00         8
          47       0.00      0.00      0.00         2
          49       0.00      0.00      0.00         1
          50       0.00      0.00      0.00         4
          53       0.00      0.00      0.00         1
          54       0.00      0.00      0.00         4
          55       0.00      0.00      0.00        11
          56       0.00      0.00      0.00         1
          59       0.00      0.00      0.00         2
          60       0.00      0.00      0.00         5
          61       0.00      0.00      0.00        10
          64       0.00      0.00      0.00         1
          65       0.00      0.00      0.00         3
          67       0.00      0.00      0.00         1
          68       0.00      0.00      0.00         1
          71       0.00      0.00      0.00         1
          72       0.00      0.00      0.00        13
          73       0.00      0.00      0.00         1
          77       0.00      0.00      0.00         1
          81       0.00      0.00      0.00         4
          83       0.00      0.00      0.00        11
          84       0.00      0.00      0.00         1
          85       0.00      0.00      0.00        14
          87       0.00      0.00      0.00         1
          88       0.00      0.00      0.00         1
          89       0.00      0.00      0.00         2
          90       0.00      0.00      0.00         2
          91       0.00      0.00      0.00         1
          92       0.00      0.00      0.00         3
          93       0.00      0.00      0.00         6
          94       0.00      0.00      0.00         7
          95       0.00      0.00      0.00         2
          97       0.00      0.00      0.00         8
          98       0.00      0.00      0.00         2
          99       0.00      0.00      0.00        10
         100       0.00      0.00      0.00         7
         101       0.00      0.00      0.00         1
         104       0.00      0.00      0.00         3
         105       0.00      0.00      0.00         1
         106       0.00      0.00      0.00         1
         107       0.00      0.00      0.00         1
         108       0.00      0.00      0.00         2
         112       0.00      0.00      0.00         2
         113       0.00      0.00      0.00        14
         114       0.00      0.00      0.00         4
         115       0.00      0.00      0.00         2
         117       0.04      0.30      0.07        20
         118       0.00      0.00      0.00         2
         120       0.00      0.00      0.00         2
         121       0.00      0.00      0.00         4
         122       0.00      0.00      0.00         4
         123       0.00      0.00      0.00         1
         125       0.00      0.00      0.00         2
         126       0.00      0.00      0.00         1
         127       0.00      0.00      0.00         1
         128       0.00      0.00      0.00        14
         129       0.00      0.00      0.00         1
         130       0.00      0.00      0.00         1
         134       0.00      0.00      0.00         3
         138       0.00      0.00      0.00         7
         139       0.00      0.00      0.00         6
         140       0.00      0.00      0.00         2
         141       0.00      0.00      0.00         1
         144       0.00      0.00      0.00         1
         145       0.00      0.00      0.00         2
         146       0.00      0.00      0.00         4
         147       0.00      0.00      0.00         4
         148       0.00      0.00      0.00         4
         151       0.00      0.00      0.00         2
         152       0.00      0.00      0.00         1
         154       0.00      0.00      0.00         2
         158       0.00      0.00      0.00         2
         159       0.00      0.00      0.00         4
         160       0.00      0.00      0.00         2
         161       0.00      0.00      0.00         1
         162       0.00      0.00      0.00         2
         163       0.00      0.00      0.00         3
         164       0.00      0.00      0.00         2
         166       0.00      0.00      0.00         1
         168       0.00      0.00      0.00         1
         170       0.00      0.00      0.00         1
         171       0.00      0.00      0.00         9
         172       0.00      0.00      0.00         1
         174       0.00      0.00      0.00         4
         176       0.00      0.00      0.00         1
         177       0.00      0.00      0.00         1
         179       0.00      0.00      0.00         1
         180       0.00      0.00      0.00         3
         181       0.08      0.17      0.11        23
         182       0.00      0.00      0.00         1
         183       0.00      0.00      0.00         5
         185       0.00      0.00      0.00         1
         186       0.00      0.00      0.00         1
         188       0.00      0.00      0.00         1
         189       0.00      0.00      0.00         1
         191       0.00      0.00      0.00        11
         192       0.00      0.00      0.00         8
         193       0.00      0.00      0.00         1
         196       0.00      0.00      0.00        10
         198       0.00      0.00      0.00         7
         200       0.00      0.00      0.00         1
         201       0.00      0.00      0.00         9
         202       0.00      0.00      0.00         8
         203       0.00      0.00      0.00         5
         204       0.00      0.00      0.00         1
         206       0.00      0.00      0.00         2
         208       0.00      0.00      0.00         1
         209       0.00      0.00      0.00         1
         210       0.00      0.00      0.00         6
         212       0.00      0.00      0.00         6
         214       0.00      0.00      0.00         5
         215       0.00      0.00      0.00         1
         216       0.00      0.00      0.00         3
         217       0.00      0.00      0.00         1
         222       0.00      0.00      0.00         2
         226       0.00      0.00      0.00         7
         227       0.00      0.00      0.00         1
         228       0.00      0.00      0.00         2
         229       0.00      0.00      0.00         4
         230       0.00      0.00      0.00         1
         231       0.00      0.00      0.00         3
         232       0.00      0.00      0.00         3
         234       0.00      0.00      0.00         1
         235       0.00      0.00      0.00         1
         237       0.00      0.00      0.00         1
         238       0.00      0.00      0.00         4
         240       0.00      0.00      0.00         2
         241       0.00      0.00      0.00         7
         243       0.00      0.00      0.00         2
         245       0.00      0.00      0.00         1
         246       0.00      0.00      0.00         1
         247       0.00      0.00      0.00         2
         248       0.00      0.00      0.00         1
         250       0.00      0.00      0.00         2
         251       0.00      0.00      0.00         1
         253       0.00      0.00      0.00         2
         254       0.00      0.00      0.00         1
         255       0.00      0.00      0.00         1
         257       0.00      0.00      0.00         4
         262       0.00      0.00      0.00         5
         263       0.00      0.00      0.00         1
         269       0.00      0.00      0.00         1
         270       0.00      0.00      0.00         1
         271       0.00      0.00      0.00         2
         273       0.00      0.00      0.00         1
         277       0.00      0.00      0.00         5
         279       0.00      0.00      0.00         2
         280       0.00      0.00      0.00         1
         281       0.00      0.00      0.00         6
         284       0.00      0.00      0.00         4
         285       0.00      0.00      0.00         5
         286       0.00      0.00      0.00         5
         287       0.00      0.00      0.00         2
         288       0.00      0.00      0.00         1
         289       0.00      0.00      0.00         1
         290       0.00      0.00      0.00         1
         291       0.00      0.00      0.00         1
         292       0.00      0.00      0.00         4
         293       0.00      0.00      0.00         1
         294       0.00      0.00      0.00         2
         295       0.00      0.00      0.00         3
         296       0.00      0.00      0.00         1
         297       0.00      0.00      0.00         3
         298       0.00      0.00      0.00         4
         299       0.00      0.00      0.00         2
         301       0.00      0.00      0.00         1
         302       0.00      0.00      0.00         2
         303       0.00      0.00      0.00         2
         306       0.00      0.00      0.00         1
         308       0.00      0.00      0.00         4
         309       0.00      0.00      0.00         2
         312       0.00      0.00      0.00         4
         314       0.00      0.00      0.00         3
         315       0.00      0.00      0.00         1
         317       0.00      0.00      0.00         1
         319       0.00      0.00      0.00         4
         320       0.00      0.00      0.00         1
         322       0.05      0.33      0.08        24
         324       0.00      0.00      0.00         1
         325       0.00      0.00      0.00         5
         326       0.00      0.00      0.00         2
         327       0.00      0.00      0.00         2
         334       0.00      0.00      0.00         3
         335       0.00      0.00      0.00        10
         336       0.00      0.00      0.00         3
         337       0.00      0.00      0.00         8
         339       0.00      0.00      0.00         2
         340       0.00      0.00      0.00         1
         342       0.00      0.00      0.00         1
         343       0.00      0.00      0.00         3
         345       0.00      0.00      0.00         1
         346       0.00      0.00      0.00         1
         349       0.00      0.00      0.00         1
         350       0.00      0.00      0.00         5
         352       0.00      0.00      0.00         3
         354       0.00      0.00      0.00         2
         357       0.07      0.81      0.13        27
         359       0.00      0.00      0.00         1
         360       0.00      0.00      0.00         1
         361       0.00      0.00      0.00         3
         362       0.00      0.00      0.00         1
         363       0.00      0.00      0.00         1
         365       0.00      0.00      0.00         2
         366       0.00      0.00      0.00         1
         367       0.00      0.00      0.00         1
         368       0.00      0.00      0.00         2
         369       0.00      0.00      0.00         1
         373       0.00      0.00      0.00         3
         375       0.00      0.00      0.00         1
         379       0.00      0.00      0.00         1
         380       0.00      0.00      0.00        10
         381       0.00      0.00      0.00         1
         382       0.00      0.00      0.00         1
         386       0.00      0.00      0.00         6
         387       0.00      0.00      0.00         2
         388       0.00      0.00      0.00         4
         389       0.00      0.00      0.00         1
         390       0.00      0.00      0.00         1
         391       0.00      0.00      0.00         1
         392       0.00      0.00      0.00         1

    accuracy                           0.06       801
   macro avg       0.00      0.01      0.00       801
weighted avg       0.01      0.06      0.02       801

C:\Python311\Lib\site-packages\sklearn\metrics\_classification.py:1471: UndefinedMetricWarning: Precision and F-score are ill-defined and being set to 0.0 in labels with no predicted samples. Use `zero_division` parameter to control this behavior.
  _warn_prf(average, modifier, msg_start, len(result))
C:\Python311\Lib\site-packages\sklearn\metrics\_classification.py:1471: UndefinedMetricWarning: Precision and F-score are ill-defined and being set to 0.0 in labels with no predicted samples. Use `zero_division` parameter to control this behavior.
  _warn_prf(average, modifier, msg_start, len(result))
C:\Python311\Lib\site-packages\sklearn\metrics\_classification.py:1471: UndefinedMetricWarning: Precision and F-score are ill-defined and being set to 0.0 in labels with no predicted samples. Use `zero_division` parameter to control this behavior.
  _warn_prf(average, modifier, msg_start, len(result))
Epoch 4/4, Accuracy: 0.05742821473158552
              precision    recall  f1-score   support

           1       0.00      0.00      0.00         3
           3       0.00      0.00      0.00         6
           4       0.00      0.00      0.00         1
           5       0.00      0.00      0.00         1
           8       0.00      0.00      0.00         3
           9       0.00      0.00      0.00         1
          13       0.00      0.00      0.00         1
          14       0.00      0.00      0.00         1
          16       0.00      0.00      0.00         1
          17       0.00      0.00      0.00         1
          19       0.00      0.00      0.00         4
          20       0.00      0.00      0.00         1
          21       0.00      0.00      0.00         2
          23       0.00      0.00      0.00         1
          24       0.00      0.00      0.00         1
          27       0.00      0.00      0.00         3
          31       0.00      0.00      0.00         1
          36       0.00      0.00      0.00         4
          40       0.12      0.92      0.22        13
          42       0.00      0.00      0.00        14
          43       0.00      0.00      0.00         1
          44       0.00      0.00      0.00         2
          46       0.00      0.00      0.00         8
          47       0.00      0.00      0.00         2
          49       0.00      0.00      0.00         1
          50       0.00      0.00      0.00         4
          53       0.00      0.00      0.00         1
          54       0.00      0.00      0.00         4
          55       0.00      0.00      0.00        11
          56       0.00      0.00      0.00         1
          59       0.00      0.00      0.00         2
          60       0.00      0.00      0.00         5
          61       0.00      0.00      0.00        10
          64       0.00      0.00      0.00         1
          65       0.00      0.00      0.00         3
          67       0.00      0.00      0.00         1
          68       0.00      0.00      0.00         1
          71       0.00      0.00      0.00         1
          72       0.00      0.00      0.00        13
          73       0.00      0.00      0.00         1
          77       0.00      0.00      0.00         1
          81       0.00      0.00      0.00         4
          83       0.00      0.00      0.00        11
          84       0.00      0.00      0.00         1
          85       0.00      0.00      0.00        14
          87       0.00      0.00      0.00         1
          88       0.00      0.00      0.00         1
          89       0.00      0.00      0.00         2
          90       0.00      0.00      0.00         2
          91       0.00      0.00      0.00         1
          92       0.00      0.00      0.00         3
          93       0.00      0.00      0.00         6
          94       0.00      0.00      0.00         7
          95       0.00      0.00      0.00         2
          97       0.00      0.00      0.00         8
          98       0.00      0.00      0.00         2
          99       0.00      0.00      0.00        10
         100       0.00      0.00      0.00         7
         101       0.00      0.00      0.00         1
         104       0.00      0.00      0.00         3
         105       0.00      0.00      0.00         1
         106       0.00      0.00      0.00         1
         107       0.00      0.00      0.00         1
         108       0.00      0.00      0.00         2
         112       0.00      0.00      0.00         2
         113       0.00      0.00      0.00        14
         114       0.00      0.00      0.00         4
         115       0.00      0.00      0.00         2
         117       0.04      0.35      0.07        20
         118       0.00      0.00      0.00         2
         120       0.00      0.00      0.00         2
         121       0.00      0.00      0.00         4
         122       0.00      0.00      0.00         4
         123       0.00      0.00      0.00         1
         125       0.00      0.00      0.00         2
         126       0.00      0.00      0.00         1
         127       0.00      0.00      0.00         1
         128       0.00      0.00      0.00        14
         129       0.00      0.00      0.00         1
         130       0.00      0.00      0.00         1
         134       0.00      0.00      0.00         3
         138       0.00      0.00      0.00         7
         139       0.00      0.00      0.00         6
         140       0.00      0.00      0.00         2
         141       0.00      0.00      0.00         1
         144       0.00      0.00      0.00         1
         145       0.00      0.00      0.00         2
         146       0.00      0.00      0.00         4
         147       0.00      0.00      0.00         4
         148       0.00      0.00      0.00         4
         151       0.00      0.00      0.00         2
         152       0.00      0.00      0.00         1
         154       0.00      0.00      0.00         2
         158       0.00      0.00      0.00         2
         159       0.00      0.00      0.00         4
         160       0.00      0.00      0.00         2
         161       0.00      0.00      0.00         1
         162       0.00      0.00      0.00         2
         163       0.00      0.00      0.00         3
         164       0.00      0.00      0.00         2
         166       0.00      0.00      0.00         1
         168       0.00      0.00      0.00         1
         170       0.00      0.00      0.00         1
         171       0.00      0.00      0.00         9
         172       0.00      0.00      0.00         1
         174       0.00      0.00      0.00         4
         176       0.00      0.00      0.00         1
         177       0.00      0.00      0.00         1
         179       0.00      0.00      0.00         1
         180       0.00      0.00      0.00         3
         181       0.05      0.17      0.07        23
         182       0.00      0.00      0.00         1
         183       0.00      0.00      0.00         5
         185       0.00      0.00      0.00         1
         186       0.00      0.00      0.00         1
         188       0.00      0.00      0.00         1
         189       0.00      0.00      0.00         1
         191       0.00      0.00      0.00        11
         192       0.00      0.00      0.00         8
         193       0.00      0.00      0.00         1
         196       0.00      0.00      0.00        10
         198       0.00      0.00      0.00         7
         200       0.00      0.00      0.00         1
         201       0.00      0.00      0.00         9
         202       0.00      0.00      0.00         8
         203       0.00      0.00      0.00         5
         204       0.00      0.00      0.00         1
         206       0.00      0.00      0.00         2
         208       0.00      0.00      0.00         1
         209       0.00      0.00      0.00         1
         210       0.00      0.00      0.00         6
         212       0.00      0.00      0.00         6
         214       0.00      0.00      0.00         5
         215       0.00      0.00      0.00         1
         216       0.00      0.00      0.00         3
         217       0.00      0.00      0.00         1
         222       0.00      0.00      0.00         2
         226       0.00      0.00      0.00         7
         227       0.00      0.00      0.00         1
         228       0.00      0.00      0.00         2
         229       0.00      0.00      0.00         4
         230       0.00      0.00      0.00         1
         231       0.00      0.00      0.00         3
         232       0.00      0.00      0.00         3
         234       0.00      0.00      0.00         1
         235       0.00      0.00      0.00         1
         237       0.00      0.00      0.00         1
         238       0.00      0.00      0.00         4
         240       0.00      0.00      0.00         2
         241       0.00      0.00      0.00         7
         243       0.00      0.00      0.00         2
         245       0.00      0.00      0.00         1
         246       0.00      0.00      0.00         1
         247       0.00      0.00      0.00         2
         248       0.00      0.00      0.00         1
         250       0.00      0.00      0.00         2
         251       0.00      0.00      0.00         1
         253       0.00      0.00      0.00         2
         254       0.00      0.00      0.00         1
         255       0.00      0.00      0.00         1
         257       0.00      0.00      0.00         4
         262       0.00      0.00      0.00         5
         263       0.00      0.00      0.00         1
         269       0.00      0.00      0.00         1
         270       0.00      0.00      0.00         1
         271       0.00      0.00      0.00         2
         273       0.00      0.00      0.00         1
         277       0.00      0.00      0.00         5
         279       0.00      0.00      0.00         2
         280       0.00      0.00      0.00         1
         281       0.00      0.00      0.00         6
         284       0.00      0.00      0.00         4
         285       0.00      0.00      0.00         5
         286       0.00      0.00      0.00         5
         287       0.00      0.00      0.00         2
         288       0.00      0.00      0.00         1
         289       0.00      0.00      0.00         1
         290       0.00      0.00      0.00         1
         291       0.00      0.00      0.00         1
         292       0.00      0.00      0.00         4
         293       0.00      0.00      0.00         1
         294       0.00      0.00      0.00         2
         295       0.00      0.00      0.00         3
         296       0.00      0.00      0.00         1
         297       0.00      0.00      0.00         3
         298       0.00      0.00      0.00         4
         299       0.00      0.00      0.00         2
         301       0.00      0.00      0.00         1
         302       0.00      0.00      0.00         2
         303       0.00      0.00      0.00         2
         306       0.00      0.00      0.00         1
         308       0.00      0.00      0.00         4
         309       0.00      0.00      0.00         2
         312       0.00      0.00      0.00         4
         314       0.00      0.00      0.00         3
         315       0.00      0.00      0.00         1
         317       0.00      0.00      0.00         1
         319       0.00      0.00      0.00         4
         320       0.00      0.00      0.00         1
         322       0.04      0.33      0.07        24
         324       0.00      0.00      0.00         1
         325       0.00      0.00      0.00         5
         326       0.00      0.00      0.00         2
         327       0.00      0.00      0.00         2
         334       0.00      0.00      0.00         3
         335       0.00      0.00      0.00        10
         336       0.00      0.00      0.00         3
         337       0.00      0.00      0.00         8
         339       0.00      0.00      0.00         2
         340       0.00      0.00      0.00         1
         342       0.00      0.00      0.00         1
         343       0.00      0.00      0.00         3
         345       0.00      0.00      0.00         1
         346       0.00      0.00      0.00         1
         349       0.00      0.00      0.00         1
         350       0.00      0.00      0.00         5
         352       0.00      0.00      0.00         3
         354       0.00      0.00      0.00         2
         357       0.07      0.56      0.12        27
         359       0.00      0.00      0.00         1
         360       0.00      0.00      0.00         1
         361       0.00      0.00      0.00         3
         362       0.00      0.00      0.00         1
         363       0.00      0.00      0.00         1
         365       0.00      0.00      0.00         2
         366       0.00      0.00      0.00         1
         367       0.00      0.00      0.00         1
         368       0.00      0.00      0.00         2
         369       0.00      0.00      0.00         1
         373       0.00      0.00      0.00         3
         375       0.00      0.00      0.00         1
         379       0.00      0.00      0.00         1
         380       0.00      0.00      0.00        10
         381       0.00      0.00      0.00         1
         382       0.00      0.00      0.00         1
         386       0.00      0.00      0.00         6
         387       0.00      0.00      0.00         2
         388       0.00      0.00      0.00         4
         389       0.00      0.00      0.00         1
         390       0.00      0.00      0.00         1
         391       0.00      0.00      0.00         1
         392       0.00      0.00      0.00         1

    accuracy                           0.06       801
   macro avg       0.00      0.01      0.00       801
weighted avg       0.01      0.06      0.01       801

Predicted Class: 322

[Done] exited with code=0 in 10762.823 seconds